id=Na_U27.0V_TH35_G160_T22.6st
time.start=2019/12/17 11:59:42.237+0100
time.stop=2019/12/17 12:11:32.329+0100
time.real=00:11:50
board.2-11-1493.readout.rate=0 b/s
board.2-11-1493.0.rejections.singles=289.033
board.2-11-1493.0.rejections.pileup=0.993241
board.2-11-1493.0.rejections.saturation=0.993241
board.2-11-1493.0.rejections.energy=1931.85
board.2-11-1493.0.rejections.psd=0.0
board.2-11-1493.0.rejections.timedistribution=0.0
board.2-11-1493.0.throughput=0.0
board.2-11-1493.0.icr=2256.64
board.2-11-1493.0.ocr=22.8445
board.2-11-1493.0.calibration.energy.c0=0.0
board.2-11-1493.0.calibration.energy.c1=1.0
board.2-11-1493.0.calibration.energy.c2=0.0
board.2-11-1493.0.calibration.energy.uom=keV
board.2-11-1493.1.rejections.singles=296.92
board.2-11-1493.1.rejections.pileup=0.0
board.2-11-1493.1.rejections.saturation=0.0
board.2-11-1493.1.rejections.energy=2003.96
board.2-11-1493.1.rejections.psd=0.0
board.2-11-1493.1.rejections.timedistribution=0.0
board.2-11-1493.1.throughput=0.0
board.2-11-1493.1.icr=2327.7
board.2-11-1493.1.ocr=22.84
board.2-11-1493.1.calibration.energy.c0=0.0
board.2-11-1493.1.calibration.energy.c1=1.0
board.2-11-1493.1.calibration.energy.c2=0.0
board.2-11-1493.1.calibration.energy.uom=keV
